
00110010 00110000 00110010 00110001 00101111 00110000 00110101 00101111 00110001 00111000
11100100 10111101 10010101 11100111 10011100 10011111 11100110 10011001 10111010 
11100110 10010111 10101001 11100101 10101110 10001001 00101100 11100100 10111011 10001010 11100101 10100100 10101001 11100110 10011000 10101111 11100111 10100110 10101110 11100110 10001011 10011100 11100100 10111010 10001100 

11100100 10111101 10010101 11100111 10011100 10011111 11100110 10011001 10111010 
11100101 10001001 10011011 11100101 10001001 10011011 11100101 10010000 10000011 11100100 10111010 10000110 11100100 10111000 10000000 11100101 10001100 10000101 11100110 10110011 10100001 11101001 10111010 10110101 00101100 11101001 10011011 10011110 11101000 10011011 10001011 00101100 11101001 10000010 10000100 11100110 10011100 10001001 11101000 10110001 10000110 11101000 10000101 10010000

11100100 10111101 10010101 11100111 10011100 10011111 11100110 10011001 10111010 
01000000 11101000 10010100 10100001 11100100 10111110 10010001 11101000 10111110 10110000 11100101 10001101 10001000 11100101 10101110 10001001 00101100 11100110 10011001 10011010 11101001 10111011 10011110 11101000 10100110 10000001 11100100 10111000 10001010 11101000 10101010 10110010

1100100 10111101 10010101 11100111 10011100 10011111 11100110 10011001 10111010 
11100100 10111000 10001011 11100101 10001101 10001000 11100101 10100101 10111101 

11100100 10111101 10010101 11100111 10011100 10011111 11100110 10011001 10111010 
11100110 10011001 10011010 11100101 10101110 10001001 00101100 11100101 10011100 10101000 11100110 10011001 10000010 11101000 10111110 10110000 11100100 10111010 10100100 11100110 10011011 10111111 11100100 10111001 10001011 11100101 10001001 10001101

00110010 00110000 00110010 00110001 00101111 00110000 00110101 00101111 00110001 00111001
11100100 10111101 10010101 11100111 10011100 10011111 11100110 10011001 10111010 
11100110 10010111 10101001 11100101 10101110 10001001 00101100 11100100 10111011 10001010 11100101 10100100 10101001 11100110 10011000 10101111 11100111 10100110 10101110 11100110 10001011 10011100 11100100 10111000 10001001 00101110 

11100100 10111101 10010101 11100111 10011100 10011111 11100110 10011001 10111010 
11100110 10010111 10101001 11101001 10100100 10010000 11100110 10011000 10101111 11100101 10001101 10110000 11100101 10110000 10111100 11100111 10000010 10010010 11101001 10111010 10110101 11100101 10001010 10100000 11100101 10000101 10101001 11101001 10100001 10000110 11100110 10110000 10110100 11100111 10000101 10101110 11101000 10011011 10001011 00101100 11100101 10100101 10111101 11101001 10111001 10111001 00101110

11100100 10111101 10010101 11100111 10011100 10011111 11100110 10011001 10111010 
11100101 10001101 10001000 11100101 10101110 10001001

11100100 10111101 10010101 11100111 10011100 10011111 11100110 10011001 10111010 
11100110 10011001 10011010 11100100 10111000 10001010 11100101 10100101 10111101 

11100100 10111101 10010101 11100111 10011100 10011111 11100110 10011001 10111010 
11100100 10111011 10100101 11101001 10011000 10110010 11101001 10000001 10001110 11100101 10001101 10001010 11100101 10100100 10011100 00101100 11100101 10000101 10001000 11101000 10101010 10101010 11101000 10000001 10110010 11100110 10011001 10011010 11100101 10101110 10001001

01011001 01110101 00100000 01000011 01101000 01101001 01100001 01101111 00100000 01011001 01100001 01101110 01100111
01000000 11100100 10111101 10010101 11100111 10011100 10011111 11100110 10011001 10111010 00100000 11100110 10011001 10011010 11100101 10101110 10001001 

00110010 00110000 00110010 00110001 00101111 00110000 00110101 00101111 00110010 00110000
11100111 10100110 10101110 11100110 10001011 10011100 11100101 10011011 10011011 00101110
11100011 10000001 10001010 11100011 10000001 10101111 11100011 10000010 10001000 11100011 10000000 10000001 11100111 10000010 10111010 11100100 10111011 10000000 11101001 10111010 10111100 11101000 10100110 10000001 11101001 10000000 10011001 11101001 10111010 10111100 11100110 10010111 10101001 11101000 10110101 10110111 00101110

11100100 10111101 10010101 11100111 10011100 10011111 11100110 10011001 10111010 
11100101 10111001 10111001 00100001 00100001 00100001

11100100 10111101 10010101 11100111 10011100 10011111 11100110 10011001 10111010 
11100100 10111011 10001010 11100110 10010111 10100101 11100111 10000010 10111010 11100100 10111000 10001001 11100110 10110101 10100110 11100101 10000001 10100101 11100101 10100100 10101010 11101001 10000011 10001110 11100101 10010011 10000000 11100110 10000010 10111100 00101100 11100110 10001001 10010011 11100110 10001011 10011011 11100101 10010001 10111100 11100110 10011010 10101011 11100101 10000001 10011100 11100100 10111000 10000000 11100101 10100100 10101001

11100100 10111101 10010101 11100111 10011100 10011111 11100110 10011001 10111010 
11100101 10111001 10111001 11100100 10111101 10100000 00110010 00110000 00110010 00110001

00110010 00110000 00110010 00110001 00101111 00110000 00110101 00101111 00110010 00110001
11100100 10111101 10010101 11100111 10011100 10011111 11100110 10011001 10111010 
11100110 10010111 10101001 11100101 10101110 10001001 00101100 11100111 10100110 10101110 11100110 10001011 10011100 11100100 10111010 10010100

11100100 10111101 10010101 11100111 10011100 10011111 11100110 10011001 10111010 
11100101 10001101 10001000 11100101 10101110 10001001

11100100 10111101 10010101 11100111 10011100 10011111 11100110 10011001 10111010 
11100101 10000010 10001101 11100110 10011001 10011010 11100101 10100101 10111101

00110010 00110000 00110010 00110001 00101111 00110000 00110101 00101111 00110010 00110010
11100100 10111101 10010101 11100111 10011100 10011111 11100110 10011001 10111010 

11100110 10011001 10011010 11100100 10111010 10000110 00101110 00101110 00101110 

11100100 10111101 10010101 11100111 10011100 10011111 11100110 10011001 10111010 
11100111 10100110 10101110 11100110 10001011 10011100 11100101 10000101 10101101 00101100 11100101 10010001 10000011 00101100 11100101 10000111 10001100 11100110 10011001 10101000 11100101 10100101 10111101 00111111

11100100 10111101 10010101 11100111 10011100 10011111 11100110 10011001 10111010 
11100110 10010111 10101001 11100101 10101110 10001001

11100100 10111101 10010101 11100111 10011100 10011111 11100110 10011001 10111010 
11100101 10001101 10001000 11100101 10101110 10001001

11100100 10111101 10010101 11100111 10011100 10011111 11100110 10011001 10111010 
11100100 10111000 10001011 11100101 10001101 10001000 11100101 10100101 10111101

00110010 00110000 00110010 00110001 00101111 00110000 00110101 00101111 00110010 00110011
11100100 10111101 10010101 11100111 10011100 10011111 11100110 10011001 10111010 
11100011 10000100 10101000 11100011 10000100 10011010 11001011 10001010 00101100 11100111 10100110 10101110 11100110 10001011 10011100 11100101 10100100 10101001 11100100 10111010 10000110 11101000 10000000 10110110

11100100 10111101 10010101 11100111 10011100 10011111 11100110 10011001 10111010 
11100110 10010111 10101001 11100011 10000000 10000001 11100110 10010111 10101001 11100101 10101110 10001001 00101110 00101110 00101110 00101110

11100100 10111101 10010101 11100111 10011100 10011111 11100110 10011001 10111010 
11100100 10111000 10001011 11100101 10001101 10001000 00101110 00101110 00101110 00101110 11100101 10100101 10111101 00101110 00101110 00101110

11100100 10111101 10010101 11100111 10011100 10011111 11100110 10011001 10111010 
11100110 10011001 10011010 11100100 10111000 10001010 11100101 10100101 10111101

00110010 00110000 00110010 00110001 00101111 00110000 00110101 00101111 00110010 00110100
11100100 10111101 10010101 11100111 10011100 10011111 11100110 10011001 10111010 
11100101 10010011 10001110 00101100 11100111 10100110 10101110 11100110 10001011 10011100 11100100 10111000 10000000 00101100 11100101 10000111 10001100 11100110 10011001 10101000 11100110 10011001 10011010 11100101 10101110 10001001 

11100100 10111101 10010101 11100111 10011100 10011111 11100110 10011001 10111010 
11100110 10010111 10101001 11100101 10101110 10001001

11100100 10111101 10010101 11100111 10011100 10011111 11100110 10011001 10111010 

11101001 10011011 10111011 11100111 10100011 10000001 11100111 10001000 10010000 11100101 10100011 10011110 11100110 10001110 10001001 11100100 10111010 10000110 00101110

11100100 10111101 10010101 11100111 10011100 10011111 11100110 10011001 10111010 
11100101 10010100 10010100 00101100 11100110 10011001 10011010 11100100 10111000 10001010 11100101 10100101 10111101

11100100 10111101 10010101 11100111 10011100 10011111 11100110 10011001 10111010 
11100101 10010011 10111100 00101100 11100110 10011001 10011010 11100101 10101110 10001001

00110010 00110000 00110010 00110001 00101111 00110000 00110101 00101111 00110010 00110101
11100100 10111101 10010101 11100111 10011100 10011111 11100110 10011001 10111010 
11100101 10010001 10000011 11100101 10010001 10000011 00101110 00101110 11100101 10001101 10001000 11100101 10101110 10001001 00101110 00101110 00101110

11100100 10111101 10010101 11100111 10011100 10011111 11100110 10011001 10111010 
11100110 10011000 10101111 11100111 10100110 10101110 11100110 10001011 10011100 11100100 10111010 10001100

11100100 10111101 10010101 11100111 10011100 10011111 11100110 10011001 10111010 
11100110 10011001 10011010 11100100 10111000 10001010 11100101 10100101 10111101

00110010 00110000 00110010 00110001 00101111 00110000 00110101 00101111 00110010 00110110
11100100 10111101 10010101 11100111 10011100 10011111 11100110 10011001 10111010 
11100101 10001111 10001000 11100100 10111110 10000110 11100100 10111010 10000110 00101100 11100111 10100110 10101110 11100110 10001011 10011100 11100100 10111000 10001001 00101100 11100101 10000111 10001100 11100110 10011001 10101000 11100101 10100100 10011100 11101001 10110110 10101111 11100101 10100100 10011100 11100101 10100100 10011100 11100101 10010101 10111100

11100100 10111101 10010101 11100111 10011100 10011111 11100110 10011001 10111010 
11100101 10001101 10001000 11100101 10101110 10001001 00101110 00101110 00101110 00101110 00101110

11100100 10111101 10010101 11100111 10011100 10011111 11100110 10011001 10111010 11100100 10111000 10001011 11100101 10001101 10001000 11100101 10100101 10111101 

11100100 10111101 10010101 11100111 10011100 10011111 11100110 10011001 10111010 
11100110 10011001 10011010 11100100 10111000 10001010 11100101 10100101 10111101

00110010 00110000 00110010 00110001 00101111 00110000 00110101 00101111 00110010 00110111
11100100 10111101 10010101 11100111 10011100 10011111 11100110 10011001 10111010 
11100111 10100110 10101110 11100110 10001011 10011100 11100101 10011011 10011011 00101100 11100110 10010111 10101001 11100101 10101110 10001001

00110010 00110000 00110010 00110001 00101111 00110000 00110101 00101111 00110010 00111000
11100100 10111101 10010101 11100111 10011100 10011111 11100110 10011001 10111010 
01001111 01101000 00101100 01110011 01101000 01101001 01110100 00101110 00101110 00101110 00101110 00101110 00101110 00101110 11100101 10001101 10001000 11100101 10101110 10001001 00101100 11100111 10100110 10101110 11100110 10001011 10011100 11100100 10111010 10010100 00101110

00110010 00110000 00110010 00110001 00101111 00110000 00110101 00101111 00110010 00111000
11100100 10111101 10010101 11100111 10011100 10011111 11100110 10011001 10111010 
01001111 01101000 00101100 01110011 01101000 01101001 01110100 00101110 00101110 00101110 00101110 00101110 00101110 00101110 11100101 10001101 10001000 11100101 10101110 10001001 00101100 11100111 10100110 10101110 11100110 10001011 10011100 11100100 10111010 10010100 00101110

11100100 10111101 10010101 11100111 10011100 10011111 11100110 10011001 10111010 
11100110 10000001 10101001 00101110 00101110 00101110 11100110 10011001 10011010 11100100 10111000 10001010 11100101 10100101 10111101 11100101 10111111 10011001 00101110

00110010 00110000 00110010 00110001 00101111 00110000 00110101 00101111 00110010 00111001
11100100 10111101 10010101 11100111 10011100 10011111 11100110 10011001 10111010 
11100111 10100110 10101110 11100110 10001011 10011100 11100101 10000101 10101101 11100101 10000111 10001100 11100110 10011001 10101000 11100110 10011001 10011010 11100101 10101110 10001001 00101110

11100100 10111101 10010101 11100111 10011100 10011111 11100110 10011001 10111010 
11100100 10111000 10001010 11100101 10001101 10001000 11100101 10100101 10111101 

11100100 10111101 10010101 11100111 10011100 10011111 11100110 10011001 10111010 
11100100 10111000 10001011 11100101 10001101 10001000 11100101 10100101 10111101 00101110

00110010 00110000 00110010 00110001 00101111 00110000 00110101 00101111 00110011 00110000
11100100 10111101 10010101 11100111 10011100 10011111 11100110 10011001 10111010 
11100111 10100110 10101110 11100110 10001011 10011100 11100101 10100100 10101001 00101100 11100110 10010111 10101001 11100101 10101110 10001001 00101100 11100111 10011101 10100001 11101000 10100110 10111010 00101110

11100100 10111101 10010101 11100111 10011100 10011111 11100110 10011001 10111010 
11100101 10001101 10001000 11100101 10101110 10001001

11100100 10111101 10010101 11100111 10011100 10011111 11100110 10011001 10111010 
11100100 10111000 10001011 11100101 10001101 10001000 11100101 10100101 10111101 

11100100 10111101 10010101 11100111 10011100 10011111 11100110 10011001 10111010 
11100110 10011001 10011010 11100100 10111000 10001010 11100101 10100101 10111101

00110010 00110000 00110010 00110001 00101111 00110000 00110101 00101111 00110011 00110001
11100100 10111101 10010101 11100111 10011100 10011111 11100110 10011001 10111010 
11100101 10011001 10100010 11100101 10100100 10101001 11100101 10010011 10101010 00101100 11100111 10100110 10101110 11100110 10001011 10011100 11100100 10111000 10000000 00101100 11100101 10000010 10001101 11100110 10011001 10011010 11100101 10100101 10111101 00101110 00101110 00101110

11100100 10111101 10010101 11100111 10011100 10011111 11100110 10011001 10111010 
11100110 10011001 10011010 11100100 10111000 10001010 11100101 10100101 10111101

00110010 00110000 00110010 00110001 00101111 00110000 00110110 00101111 00110000 00110001
11100100 10111101 10010101 11100111 10011100 10011111 11100110 10011001 10111010 
11100101 10100011 10010011 11100111 10110111 10011010 11100110 10011001 10011010 11100101 10101110 10001001

11100100 10111101 10010101 11100111 10011100 10011111 11100110 10011001 10111010 
11101001 10001100 10101111 00101100 01101111 01110101 01110100 11100011 10000100 10001100 00100001

11100100 10111101 10010101 11100111 10011100 10011111 11100110 10011001 10111010 
11100110 10010111 10101001 11100101 10101110 10001001 00101100 11100111 10100110 10101110 11100110 10001011 10011100 11100100 10111010 10001100 00101110

11100100 10111101 10010101 11100111 10011100 10011111 11100110 10011001 10111010 
11100100 10111000 10001011 11100101 10001101 10001000 11100101 10100101 10111101

00110010 00110000 00110010 00110001 00101111 00110000 00110110 00101111 00110000 00110010
11100100 10111101 10010101 11100111 10011100 10011111 11100110 10011001 10111010 
11100110 10010111 10101001 11100101 10101110 10001001 11100111 10100110 10101110 11100110 10001011 10011100 11100100 10111000 10001001

11100100 10111101 10010101 11100111 10011100 10011111 11100110 10011001 10111010 
11100100 10111000 10001011 11100101 10001101 10001000 11100101 10100101 10111101 

11100100 10111101 10010101 11100111 10011100 10011111 11100110 10011001 10111010 
11100110 10011001 10011010 11100100 10111000 10001010 11100101 10100101 10111101 

11100100 10111101 10010101 11100111 10011100 10011111 11100110 10011001 10111010 
11100110 10011001 10011010 11100101 10101110 10001001

00110010 00110000 00110010 00110001 00101111 00110000 00110110 00101111 00110000 00110011
11100100 10111101 10010101 11100111 10011100 10011111 11100110 10011001 10111010 
11100110 10010111 10101001 11100101 10101110 10001001 00101100 11100110 10011000 10101111 11100111 10100110 10101110 11100110 10001011 10011100 11100101 10011011 10011011

00110010 00110000 00110010 00110001 00101111 00110000 00110110 00101111 00110000 00110100
11100100 10111101 10010101 11100111 10011100 10011111 11100110 10011001 10111010 
00101110 00101110 00101110 00101110 00101110 00101110 00101110 00101110 00101110 00101110 00101110 00101110 00101110 00101110 00101110

11100101 10001101 10001000 11100101 10101110 10001001 00101100 11100100 10111011 10001010 11100101 10100100 10101001 11100111 10100110 10101110 11100110 10001011 10011100 11100100 10111010 10010100 11100100 10111010 10000110 00101110

11100100 10111101 10010101 11100111 10011100 10011111 11100110 10011001 10111010 
11100110 10011001 10011010 11100100 10111000 10001010 11100101 10100101 10111101 

11100100 10111101 10010101 11100111 10011100 10011111 11100110 10011001 10111010 
11100110 10011001 10011010 11100101 10101110 10001001

00110010 00110000 00110010 00110001 00101111 00110000 00110110 00101111 00110000 00110101
11100100 10111101 10010101 11100111 10011100 10011111 11100110 10011001 10111010 
11100101 10010001 10000011 00101100 11100100 10111000 10001011 11100101 10001101 10001000 11100101 10100101 10111101 00101100 11100101 10110111 10110010 11100111 10110110 10010011 11100111 10100110 10101110 11100110 10001011 10011100 11100101 10000101 10101101 11100100 10111010 10000110 00101110

00110010 00110000 00110010 00110001 00101111 00110000 00110110 00101111 00110000 00110110
11100100 10111101 10010101 11100111 10011100 10011111 11100110 10011001 10111010 
11100101 10001101 10001000 11100101 10101110 10001001 00101100 11100111 10001111 10111110 11100101 10011100 10101000 11100110 10011000 10101111 11100111 10100110 10101110 11100110 10001011 10011100 11100101 10100100 10101001 00101110 00101110 00101110

11100100 10111101 10010101 11100111 10011100 10011111 11100110 10011001 10111010 
11100100 10111000 10001011 11100101 10001101 10001000 11100101 10100101 10111101 

11100100 10111101 10010101 11100111 10011100 10011111 11100110 10011001 10111010 
01000000 11101001 10011001 10110011 11100101 10110100 10010110 00100000 11100101 10000010 10001101 11100110 10011001 10011010 11100101 10100101 10111101

11100111 10001110 10001011 11100110 10011000 10110001 11100101 10110101 10000010 
11100100 10111101 10100000 11100101 10100101 10111101

11100100 10111101 10010101 11100111 10011100 10011111 11100110 10011001 10111010 
01000000 11100111 10001110 10001011 11100110 10011000 10110001 11100101 10110101 10000010 00100000 11100110 10011001 10011010 11100100 10111000 10001010 11100101 10100101 10111101

00110010 00110000 00110010 00110001 00101111 00110000 00110110 00101111 00110000 00110111
11100100 10111101 10010101 11100111 10011100 10011111 11100110 10011001 10111010 
11100110 10010111 10101001 11100101 10101110 10001001 00101100 11100101 10001111 10001000 11100110 10011000 10101111 11100111 10100110 10101110 11100110 10001011 10011100 11100100 10111000 10000000

1100100 10111101 10010101 11100111 10011100 10011111 11100110 10011001 10111010 
11100110 10011001 10011010 11100101 10101110 10001001

00110010 00110000 00110010 00110001 00101111 00110000 00110110 00101111 00110000 00111000
11100100 10111101 10010101 11100111 10011100 10011111 11100110 10011001 10111010 
11100101 10001101 10001000 11100101 10101110 10001001 00101110 00101110 00101110 11100110 10011000 10101111 11100111 10100110 10101110 11100110 10001011 10011100 11100100 10111010 10001100

11100100 10111101 10010101 11100111 10011100 10011111 11100110 10011001 10111010 
11100110 10011001 10011010 11100100 10111000 10001010 11100101 10100101 10111101 

11100100 10111101 10010101 11100111 10011100 10011111 11100110 10011001 10111010 
11100110 10011001 10011010 11100101 10101110 10001001

00110010 00110000 00110010 00110001 00101111 00110000 00110110 00101111 00110000 00111001
11100100 10111101 10010101 11100111 10011100 10011111 11100110 10011001 10111010 
11100101 10001101 10001000 11100101 10101110 10001001 00101100 11100111 10100110 10101110 11100110 10001011 10011100 11100100 10111000 10001001

11100100 10111101 10010101 11100111 10011100 10011111 11100110 10011001 10111010 
11100100 10111000 10001011 11100101 10001101 10001000 11100101 10100101 10111101 

11100100 10111101 10010101 11100111 10011100 10011111 11100110 10011001 10111010 
11100101 10000010 10001101 11100110 10011001 10011010 11100101 10100101 10111101 

11100100 10111101 10010101 11100111 10011100 10011111 11100110 10011001 10111010 
11100110 10011001 10011010 11100101 10101110 10001001

00110010 00110000 00110010 00110001 00101111 00110000 00110110 00101111 00110001 00110110
00000000
00000000
00000000
01110000 01110010 01101001 01101110 01110100
01000101 01110010 01110010 01101111 01110010
00110000 00110000 00110001
_
Error001:user_data('11100100 10111101 10010101 11100111 10011100 10011111 11100110 10011001 10111010')not exist
_


00110010 00110000 00110010 00110001 00101111 00110000 00110110 00101111 00110001 00110111
11100100 10111101 10010101 11100111 10011100 10011111 11100110 10011001 10111010 
11100111 10100110 10101110 11100110 10001011 10011100 11100100 10111000 10001001 00101100 11101000 10000000 10001101 11101000 10110011 10110100 11100110 10011001 10011010 11100101 10101110 10001001 00101110

11100100 10111101 10010101 11100111 10011100 10011111 11100110 10011001 10111010 
11100111 10100110 10101110 11100110 10001011 10011100 11100101 10011011 10011011 00101100 11100110 10010111 10101001 11100101 10101110 10001001

11100100 10111101 10010101 11100111 10011100 10011111 11100110 10011001 10111010 
11100101 10001101 10001000 11100101 10101110 10001001

00110010 00110000 00110010 00110001 00101111 00110000 00110110 00101111 00110001 00111000 
11100100 10111101 10010101 11100111 10011100 10011111 11100110 10011001 10111010 
00101110 00101110 00101110 00101110 11100101 10000111 10001100 11100110 10011001 10101000 11100110 10011001 10011010 11100101 10101110 10001001

11100100 10111101 10010101 11100111 10011100 10011111 11100110 10011001 10111010 
11100101 10000111 10001100 11100110 10011001 10101000 11100101 10100101 10111101 00101100 11100110 10011000 10101111 11100111 10100110 10101110 11100110 10001011 10011100 11100100 10111010 10010100 11100100 10111010 10000110 00101110

11100100 10111101 10010101 11100111 10011100 10011111 11100110 10011001 10111010 
11100101 10001101 10001000 11100101 10101110 10001001

11100100 10111101 10010101 11100111 10011100 10011111 11100110 10011001 10111010 
11100100 10111000 10001011 11100101 10001101 10001000 11100101 10100101 10111101 

11100100 10111101 10010101 11100111 10011100 10011111 11100110 10011001 10111010 
11100110 10011001 10011010 11100100 10111000 10001010 11100101 10100101 10111101

00110010 00110000 00110010 00110001 00101111 00110000 00110110 00101111 00110001 00111001
00000000
00000000
00000000
01110000 01110010 01101001 01101110 01110100
01000101 01110010 01110010 01101111 01110010
00110000 00110000 00110001
_
Error001:user_data('11100100 10111101 10010101 11100111 10011100 10011111 11100110 10011001 10111010')not exist
_

00110010 00110000 00110010 00110001 00101111 00110000 00110110 00101111 00110010 00110000
11100100 10111101 10010101 11100111 10011100 10011111 11100110 10011001 10111010 
11100101 10010001 10000011 00101110 00101110 00101110 00101110 00101110 00101110 11100110 10010111 10101001 11100101 10101110 10001001 00101100 11100111 10100110 10101110 11100110 10001011 10011100 11100101 10100100 10101001

00110010 00110000 00110010 00110001 00101111 00110000 00110110 00101111 00110010 00110001

11100100 10111101 10010101 11100111 10011100 10011111 11100110 10011001 10111010 
11100101 10010011 10001110 11100101 10010001 10000000 00101100 11100111 10100110 10101110 11100110 10001011 10011100 11100100 10111000 10000000 00101100 11100101 10001101 10001000 11100101 10101110 10001001 00101110

11100100 10111101 10010101 11100111 10011100 10011111 11100110 10011001 10111010 
11100110 10011001 10011010 11100100 10111000 10001010 11100101 10100101 10111101 


00110010 00110000 00110010 00110001 00101111 00110000 00110110 00101111 00110010 00110010
11100100 10111101 10010101 11100111 10011100 10011111 11100110 10011001 10111010 
11100111 10100110 10101110 11100110 10001011 10011100 11100100 10111010 10001100 00101100 11100101 10000111 10001100 11100110 10011001 10101000 11100101 10100101 10111101 00101110
11100100 10111101 10010101 11100111 10011100 10011111 11100110 10011001 10111010 
11100110 10010111 10101001 11100101 10101110 10001001 00101100 11100100 10111011 10001010 11100101 10100100 10101001 11100110 10011100 10001001 11100100 10111000 10001001 11100100 10111010 10111010 11100111 10010100 10011111 11100110 10010111 10100101
11100100 10111101 10010101 11100111 10011100 10011111 11100110 10011001 10111010 
11100101 10000010 10001101 11100110 10011001 10011010 11100101 10100101 10111101 

11100100 10111101 10010101 11100111 10011100 10011111 11100110 10011001 10111010 

11100110 10011001 10011010 11100101 10101110 10001001

00110010 00110000 00110010 00110001 00101111 00110000 00110110 00101111 00110010 00110011
00000000
00000000
00000000
01110000 01110010 01101001 01101110 01110100
01000101 01110010 01110010 01101111 01110010
00110000 00110000 00110001
_
Error001:user_data('11100100 10111101 10010101 11100111 10011100 10011111 11100110 10011001 10111010')not exist
_

00110010 00110000 00110010 00110001 00101111 00110000 00110110 00101111 00110010 00110100
11100100 10111101 10010101 11100111 10011100 10011111 11100110 10011001 10111010 
11100111 10100110 10101110 11100110 10001011 10011100 11100100 10111000 10001001 11100101 10110111 10110010 11100111 10110110 10010011 11101001 10000001 10001110 11100100 10111010 10000110 00101100 11100101 10000111 10001100 11100110 10011001 10101000 11100101 10100101 10111101 00101110

11100100 10111101 10010101 11100111 10011100 10011111 11100110 10011001 10111010 

11100100 10111011 10001010 11100101 10100100 10101001 11100110 10000111 10001001 11101000 10101001 10110010 11100110 10011000 10101111 11100111 10100110 10101110 11100110 10001011 10011100 11100101 10011011 10011011 00101100 11100101 10000111 10001100 11100110 10011001 10101000 11100101 10100101 10111101 00101110

11100100 10111101 10010101 11100111 10011100 10011111 11100110 10011001 10111010 
11100110 10011001 10011010 11100100 10111000 10001010 11100101 10100101 10111101

00110010 00110000 00110010 00110001 00101111 00110000 00110110 00101111 00110010 00110101
11100100 10111101 10010101 11100111 10011100 10011111 11100110 10011001 10111010 
11100101 10001101 10001000 11100101 10101110 10001001 00101100 11100111 10100110 10101110 11100110 10001011 10011100 11100100 10111010 10010100 00101110

11100100 10111101 10010101 11100111 10011100 10011111 11100110 10011001 10111010 
11100110 10011001 10011010 11100101 10101110 10001001 


00110010 00110000 00110010 00110001 00101111 00110000 00110110 00101111 00110010 00110110
11100100 10111101 10010101 11100111 10011100 10011111 11100110 10011001 10111010 
11100110 10010111 10101001 11100101 10101110 10001001 00101100 11100111 10100110 10101110 11100110 10001011 10011100 11100101 10000101 10101101 00101100 11101000 10110111 10011101 11100111 10011100 10011111 11100101 10101111 10100110 11100110 10011010 10010001 11100101 10000001 10000111 11101001 10000010 10000100 11100101 10110111 10101110 11100100 10111000 10000000 11101001 10111011 10011110
11100100 10111101 10010101 11100111 10011100 10011111 11100110 10011001 10111010 
11100101 10001101 10001000 11100101 10101110 10001001

11100100 10111101 10010101 11100111 10011100 10011111 11100110 10011001 10111010 
11100100 10111000 10001011 11100101 10001101 10001000 11100101 10100101 10111101 

11100100 10111101 10010101 11100111 10011100 10011111 11100110 10011001 10111010 
11100101 10000010 10001101 11100110 10011001 10011010 11100101 10100101 10111101

00110010 00110000 00110010 00110001 00101111 00110000 00110110 00101111 00110010 00110111
11100100 10111101 10010101 11100111 10011100 10011111 11100110 10011001 10111010 
11100100 10111000 10001011 11100101 10001101 10001000 11100101 10100101 10111101 00101100 11100100 10111011 10001010 11100101 10100100 10101001 11100110 10011000 10101111 11100111 10100110 10101110 11100110 10001011 10011100 11100101 10100100 10101001 00101110

11100100 10111101 10010101 11100111 10011100 10011111 11100110 10011001 10111010 
11100101 10000010 10001101 11100110 10011001 10011010 11100101 10100101 10111101 

11100100 10111101 10010101 11100111 10011100 10011111 11100110 10011001 10111010 
11100110 10011001 10011010 11100100 10111000 10001010 11100101 10100101 10111101 



00110010 00110000 00110010 00110001 00101111 00110000 00110110 00101111 00110010 00111000
11100100 10111101 10010101 11100111 10011100 10011111 11100110 10011001 10111010 
11100101 10001101 10001000 11100101 10101110 10001001 00101100 11100111 10100110 10101110 11100110 10001011 10011100 11100100 10111000 10000000 11101000 10000000 10110110

11100100 10111101 10010101 11100111 10011100 10011111 11100110 10011001 10111010 
11100110 10011001 10011010 11100100 10111000 10001010 11100101 10100101 10111101 


00110010 00110000 00110010 00110001 00101111 00110000 00110110 00101111 00110010 00111001
11100100 10111101 10010101 11100111 10011100 10011111 11100110 10011001 10111010 
11100101 10001101 10001000 11100101 10101110 10001001 00101100 11100111 10100110 10101110 11100110 10001011 10011100 11100100 10111010 10001100 00101110
11100100 10111101 10010101 11100111 10011100 10011111 11100110 10011001 10111010 
11100110 10011001 10011010 11100101 10101110 10001001

00110010 00110000 00110010 00110001 00101111 00110000 00110111 00101111 00110000 00111001
11100100 10111101 10010101 11100111 10011100 10011111 11100110 10011001 10111010 
11100101 10001101 10001000 11100101 10101110 10001001 00101100 11100111 10100110 10101110 11100110 10001011 10011100 11100100 10111010 10010100 00101110
11100100 10111101 10010101 11100111 10011100 10011111 11100110 10011001 10111010 
11100100 10111000 10001011 11100101 10001101 10001000 11100101 10100101 10111101

00110010 00110000 00110010 00110001 00101111 00110000 00110111 00101111 00110001 00110000
00000000
00000000
00000000
01110000 01110010 01101001 01101110 01110100
01000101 01110010 01110010 01101111 01110010
00110000 00110000 00110001
_
Error001:user_data('11100100 10111101 10010101 11100111 10011100 10011111 11100110 10011001 10111010')not exist
_

00110010 00110000 00110010 00110001 00101111 00110000 00110111 00101111 00110001 00110001
11100100 10111101 10010101 11100111 10011100 10011111 11100110 10011001 10111010 
11100111 10100110 10101110 11100110 10001011 10011100 11100101 10000101 10101101 11100101 10110111 10110010 11100111 10110110 10010011 11101001 10000001 10001110 11100100 10111010 10000110 00101110
11100100 10111101 10010101 11100111 10011100 10011111 11100110 10011001 10111010 
11100101 10000111 10001100 11100110 10011001 10101000 11100101 10100101 10111101 00101100 11100111 10100110 10101110 11100110 10001011 10011100 11100101 10100100 10101001 00101110

11100100 10111101 10010101 11100111 10011100 10011111 11100110 10011001 10111010 
11100100 10111000 10001011 11100101 10001101 10001000 11100101 10100101 10111101 00101110

11100100 10111101 10010101 11100111 10011100 10011111 11100110 10011001 10111010 
11100110 10011001 10011010 11100101 10101110 10001001 00101110

00110010 00110000 00110010 00110001 00101111 00110000 00110111 00101111 00110001 00110010
11100100 10111101 10010101 11100111 10011100 10011111 11100110 10011001 10111010 
11100110 10010111 10101001 11100101 10101110 10001001 00101100 11100111 10100110 10101110 11100110 10001011 10011100 11100100 10111000 10000000 00101110

11100100 10111101 10010101 11100111 10011100 10011111 11100110 10011001 10111010 
11100101 10001101 10001000 11100101 10101110 10001001

11100100 10111101 10010101 11100111 10011100 10011111 11100110 10011001 10111010 
11100110 10011001 10011010 11100101 10101110 10001001 00101100 11100110 10011000 10001110 11100101 10100100 10101001 11100101 10111110 10101110 11101000 10100111 10100011 11100101 10110000 10000001 11100101 10000101 10001000 11100110 10001010 10001010 11100110 10011011 10111000 11100101 10010110 10101110 11101000 10101010 10111111 11101001 10010110 10110001 11100101 10001000 10110000 11100111 10001000 10000110 00101110

00110010 00110000 00110010 00110001 00101111 00110000 00110111 00101111 00110001 00110011
11100100 10111101 10010101 11100111 10011100 10011111 11100110 10011001 10111010 
11100101 10001101 10001000 11100101 10101110 10001001 00101100 11100111 10100110 10101110 11100110 10001011 10011100 11100100 10111010 10001100 00101110

11100100 10111101 10010101 11100111 10011100 10011111 11100110 10011001 10111010 
11100100 10111000 10001011 11100101 10001101 10001000 11100101 10100101 10111101 00101110
11100100 10111101 10010101 11100111 10011100 10011111 11100110 10011001 10111010 
11100110 10011001 10011010 11100101 10101110 10001001 11100110 10011100 10000000 11100101 10111110 10001100 11100101 10100011 10010011 11100111 10110111 10011010 00100001 00100001 


00110010 00110000 00110010 00110001 00101111 00110000 00110111 00101111 00110001 00110100
11100100 10111101 10010101 11100111 10011100 10011111 11100110 10011001 10111010 
11100101 10001101 10001000 11100101 10101110 10001001 00101100 11100111 10100110 10101110 11100110 10001011 10011100 11100100 10111000 10001001 00101110
11100100 10111101 10010101 11100111 10011100 10011111 11100110 10011001 10111010 

11100101 10000010 10001101 11100110 10011001 10011010 11100101 10100101 10111101 00101110


00110010 00110000 00110010 00110001 00101111 00110000 00110111 00101111 00110001 00110101
11100100 10111101 10010101 11100111 10011100 10011111 11100110 10011001 10111010 
11100100 10111000 10001011 11100101 10001101 10001000 11100101 10100101 10111101 11100110 10100011 10010010 11100110 10011100 10001001 11100110 10001010 10010101 11100101 10111101 10110001 11100110 10101001 10011111 11100100 10111010 10000110 11101000 10000000 10110110 11101000 10000000 10110110 11100111 10100110 10101110 11100110 10001011 10011100 11100101 10011011 10011011 00101110

11100100 10111101 10010101 11100111 10011100 10011111 11100110 10011001 10111010 
11100110 10011001 10011010 11100100 10111000 10001010 11100101 10100101 10111101 00101110

00110010 00110000 00110010 00110001 00101111 00110000 00110111 00101111 00110001 00110110
11100100 10111101 10010101 11100111 10011100 10011111 11100110 10011001 10111010 
11100100 10111000 10001011 11100101 10001101 10001000 11100101 10100101 10111101 00101100 11100111 10100110 10101110 11100110 10001011 10011100 11100100 10111010 10010100 00101110


00110010 00110000 00110010 00110001 00101111 00110000 00110111 00101111 00110001 00110111

11100100 10111101 10010101 11100111 10011100 10011111 11100110 10011001 10111010 
11100101 10001101 10001000 11100101 10101110 10001001 00101100 11100111 10100110 10101110 11100110 10001011 10011100 11100101 10000101 10101101

11100111 10001110 10001011 11100110 10011000 10110001 11100101 10110101 10000010 
01000000 11100100 10111101 10010101 11100111 10011100 10011111 11100110 10011001 10111010 00100000 11100110 10011001 10011010 11100101 10101110 10001001 00101100 11100101 10001111 10001000 11100101 10000111 10111010 11100111 10001111 10111110 11100101 10011100 10101000 11100110 10001000 10010001 11100111 10011010 10000100 11100110 10110010 10110011 11101001 10000001 10010011 11100100 10111000 10001010 11100100 10111010 10000110

11100100 10111101 10010101 11100111 10011100 10011111 11100110 10011001 10111010 
01000000 11100111 10001110 10001011 11100110 10011000 10110001 11100101 10110101 10000010 00100000 11100110 10011001 10011010 11100100 10111000 10001010 11100101 10100101 10111101 00101100 11100110 10001000 10010001 11101001 10000010 10000100 11100100 10111011 10100101 11100111 10000010 10111010 11100100 10111011 10100101 11100111 10000010 10111010 11101001 10000000 10011001 11101000 10100011 10100001 11100110 10011000 10101111 11100110 10110100 10111011 11100110 10110000 10110100 11100110 10111001 10010110 11100110 10101100 10111000 00101110

11100111 10001110 10001011 11100110 10011000 10110001 11100101 10110101 10000010 
01000000 11100100 10111101 10010101 11100111 10011100 10011111 11100110 10011001 10111010 00100000 11101001 10011100 10000000 11101000 10100110 10000001 11100110 10011100 10001001 11100110 10110101 10000001 11100111 10110110 10010011 11100110 10110010 10110011 11101001 10000001 10010011 11100110 10001001 10001101 11100111 10101110 10010111 11100110 10110100 10111011 11100110 10110000 10110100 11100110 10111001 10010110 11100101 10010001 10100010 00101000 11100110 10110011 10101000 11100101 10000101 10100101

00110010 00110000 00110010 00110001 00101111 00110000 00110111 00101111 00110001 00111000
0000000
00000000
00000000
01110000 01110010 01101001 01101110 01110100
01000101 01110010 01110010 01101111 01110010
00110000 00110000 00110001
_
Error001:user_data('11100100 10111101 10010101 11100111 10011100 10011111 11100110 10011001 10111010')not exist
_

00110010 00110000 00110010 00110001 00101111 00110000 00110111 00101111 00110001 00111001
11100100 10111101 10010101 11100111 10011100 10011111 11100110 10011001 10111010 
11100101 10001101 10001000 11100101 10101110 10001001 00101100 11100111 10100110 10101110 11100110 10001011 10011100 11100100 10111000 10000000 11100101 10010011 10001000 11100101 10010011 10001000 11100101 10010011 10001000 11100101 10010011 10001000 11100101 10010011 10001000 11100101 10010011 10001000 11100101 10010011 10001000 11100101 10010011 10001000 11100101 10010011 10001000 11100101 10010011 10001000 11100101 10010011 10001000 11100101 10010011 10001000

11100100 10111101 10010101 11100111 10011100 10011111 11100110 10011001 10111010 
11100101 10000010 10001101 11100110 10011001 10011010 11100101 10100101 10111101 00101110

00110010 00110000 00110010 00110001 00101111 00110000 00110111 00101111 00110010 00110000
00000000
00000000
00000000
01110000 01110010 01101001 01101110 01110100
01000101 01110010 01110010 01101111 01110010
00110000 00110000 00110001
_
Error001:user_data('11100100 10111101 10010101 11100111 10011100 10011111 11100110 10011001 10111010')not exist
_

00110010 00110000 00110010 00110001 00101111 00110000 00110111 00101111 00110010 00110001
11100100 10111101 10010101 11100111 10011100 10011111 11100110 10011001 10111010 
11100101 10001101 10001000 11100101 10101110 10001001 11100111 10100110 10101110 11100110 10001011 10011100 11100100 10111000 10001001 00101110

00110010 00110000 00110010 00110001 00101111 00110000 00110111 00101111 00110010 00110010
11100100 10111101 10010101 11100111 10011100 10011111 11100110 10011001 10111010 
11100101 10000111 10001100 11100110 10011001 10101000 11100101 10100101 10111101 00101100 11100111 10100110 10101110 11100110 10001011 10011100 11100101 10011011 10011011 00101110

11100100 10111101 10010101 11100111 10011100 10011111 11100110 10011001 10111010 
11100110 10010111 10101001 11100101 10101110 10001001 00101110

00110010 00110000 00110010 00110001 00101111 00110000 00110111 00101111 00110010 00110011
11100100 10111101 10010101 11100111 10011100 10011111 11100110 10011001 10111010 
11100100 10111000 10001011 11100101 10001101 10001000 11100110 10111100 10100010 11101000 10000010 10111010 11100111 10000010 10001110 11100110 10001011 10011100 11101000 10101000 10010111 11100100 10111000 10001101 11101000 10100110 10000001 11100100 10111110 10000110 11100111 10011010 10000100 11100111 10100110 10101110 11100110 10001011 10011100 11100100 10111010 10010100 00101110 00101110 00101110 00101110 00101110 00101110 00101110

11100100 10111101 10010101 11100111 10011100 10011111 11100110 10011001 10111010 
11100110 10011001 10011010 11100101 10101110 10001001 00101110 

00110010 00110000 00110010 00110001 00101111 00110000 00110111 00101111 00110010 00110100
00000000
00000000
00000000
01110000 01110010 01101001 01101110 01110100
01000101 01110010 01110010 01101111 01110010
00110000 00110000 00110001
_
Error001:user_data('11100100 10111101 10010101 11100111 10011100 10011111 11100110 10011001 10111010')not exist
_

00110010 00110000 00110010 00110001 00101111 00110000 00110111 00101111 00110010 00110101
11100100 10111101 10010101 11100111 10011100 10011111 11100110 10011001 10111010 
11100110 10010111 10101001 11100101 10101110 10001001 00101100 11100111 10100110 10101110 11100110 10001011 10011100 11100101 10011011 10011011 00101110

00110010 00110000 00110010 00110001 00101111 00110000 00110111 00101111 00110010 00110110
11100100 10111101 10010101 11100111 10011100 10011111 11100110 10011001 10111010 
11100101 10000010 10001101 11100110 10011001 10011010 11100101 10100101 10111101 11100111 10100110 10101110 11100110 10001011 10011100 11100011 10000100 10100111

00110010 00110000 00110010 00110001 00101111 00110000 00110111 00101111 00110010 00110111
11100100 10111101 10010101 11100111 10011100 10011111 11100110 10011001 10111010 
11100110 10010111 10101001 11100101 10101110 10001001 11100111 10100110 10101110 11100110 10001011 10011100 11100100 10111010 10001100

11100100 10111101 10010101 11100111 10011100 10011111 11100110 10011001 10111010 
11100101 10000010 10001101 11100110 10011001 10011010 11100101 10100101 10111101

00110010 00110000 00110010 00110001 00101111 00110000 00110111 00101111 00110010 00111000 
11100100 10111101 10010101 11100111 10011100 10011111 11100110 10011001 10111010 
11100110 10010111 10101001 11100101 10101110 10001001 00101100 11100111 10100110 10101110 11100110 10001011 10011100 11100100 10111000 10001001 00101110

11100100 10111101 10010101 11100111 10011100 10011111 11100110 10011001 10111010 
11100110 10011001 10011010 11100100 10111000 10001010 11100101 10100101 10111101 00101110

00110010 00110000 00110010 00110001 00101111 00110000 00110111 00101111 00110010 00111001
11100100 10111101 10010101 11100111 10011100 10011111 11100110 10011001 10111010 
11100111 10100110 10101110 11100110 10001011 10011100 11100101 10011011 10011011 00101100 11100110 10010111 10101001 11100101 10101110 10001001 00101110

00110010 00110000 00110010 00110001 00101111 00110000 00110111 00101111 00110011 00110000
00000000
00000000
00000000
01110000 01110010 01101001 01101110 01110100
01000101 01110010 01110010 01101111 01110010
00110000 00110000 00110001
_
Error001:user_data('11100100 10111101 10010101 11100111 10011100 10011111 11100110 10011001 10111010')not exist
_

00110010 00110000 00110010 00110001 00101111 00110000 00110111 00101111 00110011 00110001
11100100 10111101 10010101 11100111 10011100 10011111 11100110 10011001 10111010 
11100101 10001101 10001000 11100101 10101110 10001001 00101100 11100111 10100110 10101110 11100110 10001011 10011100 11100101 10000101 10101101

11100100 10111101 10010101 11100111 10011100 10011111 11100110 10011001 10111010 
11100101 10100011 10010011 11100111 10110111 10011010 11100110 10011001 10011010 11100101 10101110 10001001 11100101 10101110 10001001 11100101 10101110 10001001 11100101 10101110 10001001 11100101 10101110 10001001 11100101 10101110 10001001 11100101 10101110 10001001 00100001

00110010 00110000 00110010 00110001 00101111 00110000 00111000 00101111 00110000 00110001
11100100 10111101 10010101 11100111 10011100 10011111 11100110 10011001 10111010 
11100110 10010111 10101001 11100101 10101110 10001001 00101100 11100111 10100110 10101110 11100110 10001011 10011100 11100101 10100100 10101001 00101110

11100100 10111101 10010101 11100111 10011100 10011111 11100110 10011001 10111010 
11100110 10011001 10011010 11100100 10111000 10001010 11100101 10100101 10111101 

11100100 10111101 10010101 11100111 10011100 10011111 11100110 10011001 10111010 
11100110 10011001 10011010 11100101 10101110 10001001 


00110010 00110000 00110010 00110001 00101111 00110000 00111000 00101111 00110000 00110010
11100100 10111101 10010101 11100111 10011100 10011111 11100110 10011001 10111010 
11100110 10010111 10101001 11100101 10101110 10001001 00101100 11100111 10100110 10101110 11100110 10001011 10011100 11100100 10111000 10000000 00101110

11100100 10111101 10010101 11100111 10011100 10011111 11100110 10011001 10111010 
11100101 10000010 10001101 11100110 10011001 10011010 11100101 10100101 10111101 00101110

11100100 10111101 10010101 11100111 10011100 10011111 11100110 10011001 10111010 
11100110 10011001 10011010 11100101 10101110 10001001 00101110

00110010 00110000 00110010 00110001 00101111 00110000 00111000 00101111 00110000 00110011
11100100 10111101 10010101 11100111 10011100 10011111 11100110 10011001 10111010 
11100110 10010111 10101001 11100101 10101110 10001001 00101100 11100111 10100110 10101110 11100110 10001011 10011100 11100100 10111010 10001100 00101110

11100100 10111101 10010101 11100111 10011100 10011111 11100110 10011001 10111010 
11100110 10011001 10011010 11100100 10111000 10001010 11100101 10100101 10111101

00110010 00110000 00110010 00110001 00101111 00110000 00111000 00101111 00110000 00110100
00000000
00000000
00000000
01110000 01110010 01101001 01101110 01110100
01000101 01110010 01110010 01101111 01110010
00110000 00110000 00110001
_
Error001:user_data('11100100 10111101 10010101 11100111 10011100 10011111 11100110 10011001 10111010')not exist
_


00110010 00110000 00110010 00110001 00101111 00110000 00111000 00101111 00110000 00110101
11100100 10111101 10010101 11100111 10011100 10011111 11100110 10011001 10111010 
11100101 10001101 10001000 11100101 10101110 10001001 00101100 11100111 10100110 10101110 11100110 10001011 10011100 11100101 10011011 10011011 00101110

11100100 10111101 10010101 11100111 10011100 10011111 11100110 10011001 10111010 
11100110 10011001 10011010 11100100 10111000 10001010 11100101 10100101 10111101 00101110

00110010 00110000 00110010 00110001 00101111 00110000 00111000 00101111 00110000 00110110
11100100 10111101 10010101 11100111 10011100 10011111 11100110 10011001 10111010 
11100110 10010111 10101001 11100101 10101110 10001001 00101100 11100111 10100110 10101110 11100110 10001011 10011100 11100100 10111010 10010100 00101110

11100100 10111101 10010101 11100111 10011100 10011111 11100110 10011001 10111010 
11100101 10001101 10001000 11100101 10101110 10001001 00101110 


00110010 00110000 00110010 00110001 00101111 00110000 00111000 00101111 00110000 00110111
11100100 10111101 10010101 11100111 10011100 10011111 11100110 10011001 10111010 
11100110 10011001 10011010 11100101 10101110 10001001 00101100 11100111 10100110 10101110 11100110 10001011 10011100 11100101 10000101 10101101

00110010 00110000 00110010 00110001 00101111 00110000 00111000 00101111 00110000 00111000
11100100 10111101 10010101 11100111 10011100 10011111 11100110 10011001 10111010 
11100110 10011001 10011010 11100100 10111000 10001010 11100101 10100101 10111101 00101100 11100111 10100110 10101110 11100110 10001011 10011100 11100101 10100100 10101001

00110010 00110000 00110010 00110001 00101111 00110000 00111000 00101111 00110000 00111001
11100100 10111101 10010101 11100111 10011100 10011111 11100110 10011001 10111010 
11100110 10010111 10101001 11100101 10101110 10001001 00101100 11100111 10100110 10101110 11100110 10001011 10011100 11100100 10111000 10000000 00101110

00110010 00110000 00110010 00110001 00101111 00110000 00111000 00101111 00110001 00110000
11100100 10111101 10010101 11100111 10011100 10011111 11100110 10011001 10111010 
11100100 10111000 10001011 11100101 10001101 10001000 11100101 10100101 10111101 00101100 11100111 10100110 10101110 11100110 10001011 10011100 11100100 10111010 10001100

00110010 00110000 00110010 00110001 00101111 00110000 00111000 00101111 00110001 00110001
11100100 10111101 10010101 11100111 10011100 10011111 11100110 10011001 10111010 
11100110 10010111 10101001 11100101 10101110 10001001 00101100 11100111 10100110 10101110 11100110 10001011 10011100 11100100 10111000 10001001
11100100 10111101 10010101 11100111 10011100 10011111 11100110 10011001 10111010 
11100110 10011001 10011010 11100100 10111000 10001010 11100101 10100101 10111101 00101110

00110010 00110000 00110010 00110001 00101111 00110000 00111000 00101111 00110001 00110010
11100100 10111101 10010101 11100111 10011100 10011111 11100110 10011001 10111010 
11100100 10111000 10001011 11100101 10001101 10001000 11100101 10100101 10111101 00101100 11100111 10100110 10101110 11100110 10001011 10011100 11100101 10011011 10011011 00101110

00110010 00110000 00110010 00110001 00101111 00110000 00111000 00101111 00110001 00110011
11100100 10111101 10010101 11100111 10011100 10011111 11100110 10011001 10111010 
11100101 10000111 10001100 11100110 10011001 10101000 11100101 10100101 10111101 00101100 11100111 10100110 10101110 11100110 10001011 10011100 11100100 10111010 10010100 00101110
11100100 10111101 10010101 11100111 10011100 10011111 11100110 10011001 10111010 
11100110 10010111 10101001 11100101 10101110 10001001 00101110
11100100 10111101 10010101 11100111 10011100 10011111 11100110 10011001 10111010 
11100101 10001101 10001000 11100101 10101110 10001001 00101110

00110010 00110000 00110010 00110001 00101111 00110000 00111000 00101111 00110001 00110100
11100100 10111101 10010101 11100111 10011100 10011111 11100110 10011001 10111010 
11100110 10010111 10101001 11100101 10101110 10001001 00101100 11100111 10100110 10101110 11100110 10001011 10011100 11100101 10000101 10101101 00101110
11100100 10111101 10010101 11100111 10011100 10011111 11100110 10011001 10111010 
11100110 10011001 10011010 11100101 10101110 10001001 00101110

00110010 00110000 00110010 00110001 00101111 00110000 00111000 00101111 00110001 00110101
11100100 10111101 10010101 11100111 10011100 10011111 11100110 10011001 10111010 
11100110 10010111 10101001 11100101 10101110 10001001 00101100 11100111 10100110 10101110 11100110 10001011 10011100 11100101 10100100 10101001 00101110

00110010 00110000 00110010 00110001 00101111 00110000 00111000 00101111 00110001 00110110
00000000
00000000
00000000
01110000 01110010 01101001 01101110 01110100
01000101 01110010 01110010 01101111 01110010
00110000 00110000 00110001
_
Error001:user_data('11100100 10111101 10010101 11100111 10011100 10011111 11100110 10011001 10111010')not exist
_

00110010 00110000 00110010 00110001 00101111 00110000 00111000 00101111 00110001 00110111
11100100 10111101 10010101 11100111 10011100 10011111 11100110 10011001 10111010 
11100110 10011001 10011010 11100100 10111000 10001010 11100101 10100101 10111101 00101100 11100111 10100110 10101110 11100110 10001011 10011100 11100100 10111010 10001100 00101110

00110010 00110000 00110010 00110001 00101111 00110000 00111000 00101111 00110001 00111000
11100100 10111101 10010101 11100111 10011100 10011111 11100110 10011001 10111010 
11100110 10010111 10101001 11100101 10101110 10001001 00101100 11100111 10100110 10101110 11100110 10001011 10011100 11100100 10111000 10001001

00110010 00110000 00110010 00110001 00101111 00110000 00111000 00101111 00110001 00111001
11100100 10111101 10010101 11100111 10011100 10011111 11100110 10011001 10111010 
11100110 10010111 10101001 11100101 10101110 10001001 00101100 11100111 10100110 10101110 11100110 10001011 10011100 11100101 10011011 10011011 00101110

11100100 10111101 10010101 11100111 10011100 10011111 11100110 10011001 10111010 
11100100 10111000 10001011 11100101 10001101 10001000 11100101 10100101 10111101

00110010 00110000 00110010 00110001 00101111 00110000 00111000 00101111 00110010 00110000
00000000
00000000
00000000
01110000 01110010 01101001 01101110 01110100
01000101 01110010 01110010 01101111 01110010
00110000 00110000 00110001
_
Error001:user_data('11100100 10111101 10010101 11100111 10011100 10011111 11100110 10011001 10111010')not exist
_

00110010 00110000 00110010 00110001 00101111 00110000 00111000 00101111 00110010 00110001
11100100 10111101 10010101 11100111 10011100 10011111 11100110 10011001 10111010 
11100101 10001101 10001000 11100101 10101110 10001001 00101100 11100111 10100110 10101110 11100110 10001011 10011100 11100101 10000101 10101101

11100100 10111101 10010101 11100111 10011100 10011111 11100110 10011001 10111010 
11100110 10011001 10011010 11100101 10101110 10001001 00101110

00110010 00110000 00110010 00110001 00101111 00110000 00111000 00101111 00110010 00110010
11100100 10111101 10010101 11100111 10011100 10011111 11100110 10011001 10111010 
11100110 10011001 10011010 11100101 10101110 10001001 00101100 11100111 10100110 10101110 11100110 10001011 10011100 11100101 10100100 10101001 00101110

00110010 00110000 00110010 00110001 00101111 00110000 00111000 00101111 00110010 00110011
11100100 10111101 10010101 11100111 10011100 10011111 11100110 10011001 10111010 
11100110 10010111 10101001 11100101 10101110 10001001 00101100 11100111 10100110 10101110 11100110 10001011 10011100 11100100 10111000 10000000 00101110

00110010 00110000 00110010 00110001 00101111 00110000 00111000 00101111 00110010 00110100
11100100 10111101 10010101 11100111 10011100 10011111 11100110 10011001 10111010 
11100101 10000010 10001101 11100110 10011001 10011010 11100101 10100101 10111101 00101100 11100111 10100110 10101110 11100110 10001011 10011100 11100100 10111010 10001100 00101110

00110010 00110000 00110010 00110001 00101111 00110000 00111000 00101111 00110010 00110101
11100100 10111101 10010101 11100111 10011100 10011111 11100110 10011001 10111010 
11100101 10001101 10001000 11100101 10101110 10001001 00101100 11100111 10100110 10101110 11100110 10001011 10011100 11100100 10111000 10001001 00101110

00110010 00110000 00110010 00110001 00101111 00110000 00111000 00101111 00110010 00110110
11100100 10111101 10010101 11100111 10011100 10011111 11100110 10011001 10111010 
11100110 10010111 10101001 11100101 10101110 10001001 00101100 11100111 10100110 10101110 11100110 10001011 10011100 11100101 10011011 10011011 00101110

00110010 00110000 00110010 00110001 00101111 00110000 00111000 00101111 00110010 00110111
11100100 10111101 10010101 11100111 10011100 10011111 11100110 10011001 10111010 
11100101 10001101 10001000 11100101 10101110 10001001 00101100 11100111 10100110 10101110 11100110 10001011 10011100 11100100 10111010 10010100

00110010 00110000 00110010 00110001 00101111 00110000 00111000 00101111 00110010 00111000
11100100 10111101 10010101 11100111 10011100 10011111 11100110 10011001 10111010 
11100101 10001101 10001000 11100101 10101110 10001001 00101100 11100111 10100110 10101110 11100110 10001011 10011100 11100101 10000101 10101101

00110010 00110000 00110010 00110001 00101111 00110000 00111000 00101111 00110010 00111001
11100100 10111101 10010101 11100111 10011100 10011111 11100110 10011001 10111010 
11100101 10001101 10001000 11100101 10101110 10001001 00101100 11100111 10100110 10101110 11100110 10001011 10011100 11100110 10010111 10100101 00101110

00110010 00110000 00110010 00110001 00101111 00110000 00111000 00101111 00110011 00110000
11100100 10111101 10010101 11100111 10011100 10011111 11100110 10011001 10111010 
11100100 10111000 10001011 11100101 10001101 10001000 11100101 10100101 10111101 00101100 11100111 10100110 10101110 11100110 10001011 10011100 11100100 10111000 10000000 00101110

00110010 00110000 00110010 00110001 00101111 00110000 00111000 00101111 00110011 00110001
11100100 10111101 10010101 11100111 10011100 10011111 11100110 10011001 10111010 
11100110 10011001 10011010 11100100 10111000 10001010 11100101 10100101 10111101 00101100 11100111 10100110 10101110 11100110 10001011 10011100 11100100 10111010 10001100 00101110

00110010 00110000 00110010 00110001 00101111 00110000 00111001 00101111 00110000 00110001
00000000
00000000
00000000
01110000 01110010 01101001 01101110 01110100
01000101 01110010 01110010 01101111 01110010
00110000 00110000 00110001
_
Error001:user_data('11100100 10111101 10010101 11100111 10011100 10011111 11100110 10011001 10111010')not exist
_


00110010 00110000 00110010 00110001 00101111 00110000 00111001 00101111 00110000 00110010
11100100 10111101 10010101 11100111 10011100 10011111 11100110 10011001 10111010 
11100100 10111000 10001011 11100101 10001101 10001000 11100101 10100101 10111101 00101100 11100111 10100110 10101110 11100110 10001011 10011100 11100101 10011011 10011011 00101110

11100100 10111101 10010101 11100111 10011100 10011111 11100110 10011001 10111010 
11100110 10011001 10011010 11100101 10101110 10001001 00101110
